const int z[9][9] = {
    {0,0,0,0,0,0,3,9,6},
    {3,0,0,0,0,8,2,0,0},
    {0,0,0,1,0,6,4,0,8},
    {5,9,0,0,0,1,0,0,0},
    {0,1,0,5,2,7,0,8,0},
    {0,0,0,4,0,0,0,3,1},
    {1,0,4,7,0,2,0,0,0},
    {0,0,7,8,0,0,0,0,3},
    {9,2,8,0,0,0,0,0,0}
};

tezke

const int z[9][9] = {
{9,0,0,0,6,3,0,5,0},
{0,0,2,0,0,1,0,9,0},
{0,0,4,9,0,0,7,0,1},
{0,0,6,0,1,0,0,8,0},
{0,0,0,3,0,6,0,0,0},
{0,1,0,0,8,0,9,0,0},
{7,0,9,0,0,5,8,0,0},
{0,4,0,8,0,0,2,0,0},
{0,3,0,1,4,0,0,0,9}
};

tezke

const int z[9][9] = {
{0,1,0,6,0,0,9,0,0},
{0,0,0,0,3,0,0,0,1},
{9,0,8,1,7,4,5,0,0},
{0,0,1,8,0,0,0,7,4},
{0,0,0,0,0,0,0,0,0},
{5,6,0,0,0,7,1,0,0},
{0,0,9,7,4,6,8,0,5},
{6,0,0,0,9,0,0,0,0},
{0,0,7,0,0,2,0,3,0},
};

z[i][j]
i radky
j sloupce 

z[1][0] = 3
